equi_steps: 10000 steps: 100000 steps_ps: 1000
j Ecorr Mcoor
0 1 1
1 0.983452 0.98511
2 0.967286 0.970436
3 0.951403 0.955911
4 0.935845 0.94169
5 0.920662 0.9278
6 0.90577 0.914215
7 0.891062 0.900771
8 0.87673 0.887609
9 0.862659 0.874675
10 0.848786 0.861953
11 0.835199 0.84952
12 0.821934 0.83736
13 0.808826 0.825289
14 0.795872 0.813382
15 0.783065 0.801544
16 0.770661 0.79003
17 0.758414 0.778617
18 0.746444 0.767477
19 0.734736 0.75657
20 0.723314 0.745889
21 0.712166 0.73536
22 0.701174 0.724956
23 0.690454 0.714761
24 0.679871 0.704658
25 0.669572 0.694819
26 0.659465 0.685095
27 0.64945 0.675443
28 0.639624 0.665949
29 0.629832 0.6565
30 0.620329 0.647259
31 0.611022 0.638162
32 0.601703 0.629029
33 0.592497 0.619973
34 0.58347 0.611089
35 0.574685 0.602395
36 0.56619 0.593921
37 0.557899 0.585626
38 0.549645 0.577306
39 0.541398 0.568974
40 0.53346 0.560849
41 0.525464 0.552701
42 0.517734 0.544785
43 0.510229 0.537057
44 0.502962 0.529577
45 0.495675 0.522078
46 0.488532 0.514721
47 0.48154 0.507503
48 0.474639 0.500416
49 0.467779 0.493405
50 0.461209 0.486625
51 0.454759 0.479914
52 0.44845 0.473283
53 0.4423 0.466813
54 0.436129 0.460375
55 0.430168 0.454172
56 0.424228 0.447966
57 0.418628 0.442003
58 0.413063 0.43611
59 0.407405 0.430186
60 0.40184 0.424346
61 0.396416 0.418647
62 0.391072 0.413096
63 0.385845 0.407659
64 0.380653 0.40225
65 0.375554 0.396929
66 0.370622 0.3918
67 0.365647 0.386619
68 0.360741 0.381545
69 0.356007 0.376563
70 0.351349 0.371664
71 0.34667 0.366712
72 0.342156 0.361901
73 0.337735 0.357265
74 0.333391 0.352758
75 0.329106 0.348291
76 0.324876 0.3439
77 0.320707 0.339535
78 0.316667 0.335239
79 0.312639 0.330913
80 0.308704 0.326591
81 0.304852 0.322317
82 0.300941 0.317997
83 0.297074 0.313737
84 0.293189 0.309489
85 0.289317 0.305288
86 0.285317 0.300957
87 0.281417 0.29674
88 0.277545 0.292507
89 0.273705 0.28834
90 0.269908 0.284244
91 0.266019 0.280149
92 0.262177 0.276136
93 0.258458 0.272269
94 0.254667 0.268341
95 0.251039 0.264656
96 0.247409 0.261006
97 0.243852 0.257409
98 0.240458 0.253997
99 0.23714 0.250613
100 0.233935 0.247287
101 0.230732 0.244044
102 0.227422 0.240689
103 0.224244 0.237483
104 0.22115 0.234351
105 0.218202 0.231314
106 0.215387 0.228358
107 0.212648 0.225503
108 0.209875 0.222655
109 0.207217 0.219877
110 0.204611 0.217116
111 0.202045 0.21432
112 0.199599 0.211579
113 0.197222 0.208892
114 0.194854 0.206211
115 0.192614 0.203715
116 0.190402 0.201275
117 0.188235 0.198974
118 0.185933 0.196556
119 0.183819 0.194332
120 0.181658 0.192011
121 0.179575 0.189753
122 0.17757 0.187575
123 0.175577 0.185383
124 0.173587 0.18321
125 0.171702 0.181061
126 0.169709 0.178835
127 0.167702 0.176643
128 0.165705 0.174466
129 0.163698 0.172373
130 0.161796 0.170288
131 0.159973 0.168327
132 0.158101 0.166366
133 0.156324 0.16447
134 0.154507 0.162541
135 0.152601 0.160438
136 0.150593 0.15835
137 0.148599 0.156319
138 0.146722 0.154376
139 0.144866 0.152453
140 0.143063 0.150589
141 0.141284 0.148728
142 0.139501 0.146838
143 0.137743 0.144904
144 0.135988 0.142969
145 0.134292 0.14107
146 0.132498 0.139074
147 0.130752 0.137145
148 0.129127 0.135315
149 0.127404 0.133399
150 0.125952 0.131704
151 0.12444 0.129964
152 0.122862 0.12814
153 0.121355 0.126435
154 0.119869 0.124682
155 0.118346 0.122894
156 0.116617 0.120968
157 0.115053 0.119212
158 0.113553 0.117537
159 0.111948 0.115804
160 0.110231 0.11405
161 0.108564 0.112269
162 0.106942 0.11053
163 0.10563 0.109177
164 0.104274 0.107823
165 0.102887 0.106461
166 0.101761 0.10533
167 0.1007 0.104195
168 0.099587 0.103021
169 0.0985792 0.101919
170 0.0976454 0.100937
171 0.0967464 0.100022
172 0.095903 0.0991737
173 0.0951188 0.0983304
174 0.0942573 0.0973645
175 0.0933602 0.096379
176 0.0923792 0.0953131
177 0.0914766 0.0943094
178 0.0906011 0.0933098
179 0.0897825 0.0922986
180 0.0889814 0.0913435
181 0.0881536 0.0903611
182 0.0871698 0.0892877
183 0.0861712 0.0882677
184 0.0852094 0.0872259
185 0.0843547 0.086236
186 0.0835863 0.0852671
187 0.0827104 0.0842083
188 0.0818587 0.0831822
189 0.0811416 0.0822676
190 0.0805224 0.0814279
191 0.0799496 0.080637
192 0.079345 0.0798386
193 0.0786852 0.0790909
194 0.0780661 0.0783641
195 0.0775991 0.0777682
196 0.0771187 0.0771609
197 0.0766258 0.0765657
198 0.0759952 0.0758985
199 0.0754462 0.0752949
200 0.0749948 0.0748511
201 0.0746833 0.0744957
202 0.0743657 0.0741145
203 0.0737681 0.0735673
204 0.0730535 0.0728864
205 0.0725402 0.0724314
206 0.0719795 0.0719369
207 0.0714028 0.0714148
208 0.0708507 0.0708927
209 0.0702836 0.0704608
210 0.0696069 0.0700267
211 0.0690199 0.0695788
212 0.0683272 0.0690407
213 0.0676509 0.0684708
214 0.0670141 0.0678753
215 0.066346 0.0672486
216 0.0656213 0.0665743
217 0.0649418 0.0658541
218 0.0641603 0.065057
219 0.0632182 0.0641204
220 0.0623152 0.0632204
221 0.0613708 0.0623575
222 0.0603762 0.0613933
223 0.0594024 0.0603755
224 0.058462 0.0593712
225 0.0575958 0.0584194
226 0.056657 0.0574405
227 0.0557856 0.0565823
228 0.0547705 0.055595
229 0.0536414 0.0544974
230 0.0526935 0.0535388
231 0.0518394 0.0527089
232 0.0509451 0.051812
233 0.0501217 0.0509658
234 0.0492606 0.0500752
235 0.0483667 0.0491157
236 0.0473798 0.0480528
237 0.0464197 0.0470915
238 0.0455728 0.046177
239 0.0446621 0.0452531
240 0.0435064 0.0441766
241 0.0424611 0.0431651
242 0.0415197 0.0422311
243 0.0407355 0.0414482
244 0.0399987 0.0406559
245 0.0394627 0.0400375
246 0.0389975 0.0394851
247 0.0385321 0.0389765
248 0.0381451 0.0384714
249 0.0375527 0.0378653
250 0.0370482 0.0372481
251 0.0365214 0.0365771
252 0.0360781 0.0359704
253 0.0356922 0.0353507
254 0.0351798 0.0345758
255 0.0346653 0.0338026
256 0.0342065 0.0330774
257 0.0337253 0.032335
258 0.0332818 0.0316638
259 0.0327875 0.0309883
260 0.0323146 0.0303724
261 0.0316991 0.0296411
262 0.03105 0.0289044
263 0.0305145 0.0282569
264 0.0299578 0.0276101
265 0.0293451 0.0268705
266 0.0286258 0.0260327
267 0.0278658 0.0251597
268 0.0271474 0.0243826
269 0.0262429 0.0234343
270 0.02563 0.0227676
271 0.024982 0.0220448
272 0.024491 0.021475
273 0.0239428 0.0209129
274 0.0234028 0.0202773
275 0.0228489 0.0196216
276 0.0222397 0.0189624
277 0.0217207 0.0183513
278 0.0214712 0.0179589
279 0.0211436 0.0175314
280 0.0208568 0.0170747
281 0.020705 0.0167639
282 0.020494 0.0163828
283 0.0202301 0.0159875
284 0.0199785 0.0156677
285 0.0196843 0.0152976
286 0.0193268 0.0148505
287 0.0192502 0.0146787
288 0.0190385 0.0144361
289 0.0190218 0.0143685
290 0.0189536 0.0142475
291 0.0189354 0.0141972
292 0.018936 0.014128
293 0.0189523 0.0140736
294 0.0187876 0.0139391
295 0.0185114 0.01377
296 0.0182311 0.0135502
297 0.0180076 0.0134371
298 0.0178999 0.0133662
299 0.0177069 0.0132548
300 0.0173325 0.0129312
301 0.0170004 0.0126088
302 0.0167139 0.0122942
303 0.0163265 0.0118745
304 0.0157695 0.0113975
305 0.0151555 0.0108664
306 0.0144264 0.0102961
307 0.0136963 0.00966326
308 0.0130548 0.00911704
309 0.0123567 0.00849639
310 0.0118136 0.00790837
311 0.011159 0.00720157
312 0.0104307 0.0064805
313 0.00963696 0.0056922
314 0.00892845 0.00499147
315 0.00836932 0.00446979
316 0.0076816 0.00386667
317 0.00696012 0.00321238
318 0.0063036 0.00265045
319 0.00581747 0.00220934
320 0.00536982 0.00176314
321 0.00494096 0.00141822
322 0.00456725 0.00108209
323 0.00445799 0.000912282
324 0.00431585 0.000694489
325 0.00434508 0.000576588
326 0.00423851 0.000384856
327 0.00406658 0.000134304
328 0.00388169 -0.000146652
329 0.00354585 -0.00052769
330 0.00316867 -0.000950557
331 0.00279362 -0.00135829
332 0.00243608 -0.00178173
333 0.0021339 -0.00219338
334 0.00186812 -0.00254834
335 0.00155244 -0.00287536
336 0.00120987 -0.00321285
337 0.000900475 -0.00351619
338 0.000490015 -0.00389421
339 0.000156895 -0.00424944
340 -0.000181182 -0.00460529
341 -0.000492737 -0.0048799
342 -0.000688358 -0.00511656
343 -0.000987886 -0.00544751
344 -0.00135345 -0.00577714
345 -0.00187903 -0.00626468
346 -0.00240216 -0.0066957
347 -0.00287281 -0.00712014
348 -0.00326866 -0.00746744
349 -0.00362823 -0.0077989
350 -0.00395051 -0.00809473
351 -0.00419609 -0.00837631
352 -0.00450356 -0.00871557
353 -0.00463737 -0.00880514
354 -0.00475492 -0.00886566
355 -0.00494094 -0.00899045
356 -0.00524907 -0.00917136
357 -0.00576714 -0.0095159
358 -0.00622113 -0.00978982
359 -0.00673389 -0.0101473
360 -0.00706348 -0.0104025
361 -0.00745195 -0.0107109
362 -0.00774013 -0.0109867
363 -0.00809091 -0.011331
364 -0.00835161 -0.0115961
365 -0.00864601 -0.0119398
366 -0.00892713 -0.0122636
367 -0.00923098 -0.0126549
368 -0.00943213 -0.0129669
369 -0.00966032 -0.0132518
370 -0.00983521 -0.0134711
371 -0.00996306 -0.0135657
372 -0.0101482 -0.0136795
373 -0.0102814 -0.0137694
374 -0.0104543 -0.0138863
375 -0.0104683 -0.0138729
376 -0.0105225 -0.0139287
377 -0.0105111 -0.0138432
378 -0.0105114 -0.0137403
379 -0.010532 -0.0136912
380 -0.0105231 -0.0135804
381 -0.0106153 -0.0134948
382 -0.0105433 -0.0133167
383 -0.0105499 -0.0131955
384 -0.0105114 -0.0129925
385 -0.010265 -0.0126186
386 -0.00985492 -0.0121069
387 -0.0093688 -0.0115307
388 -0.00890797 -0.0109739
389 -0.00861247 -0.0104712
390 -0.00837663 -0.0101169
391 -0.00813773 -0.00974842
392 -0.00791418 -0.00938258
393 -0.00744272 -0.00879687
394 -0.00698193 -0.00820155
395 -0.00656511 -0.00764103
396 -0.00626529 -0.00718378
397 -0.00604646 -0.0067598
398 -0.00578985 -0.00635783
399 -0.00560197 -0.00596512
400 -0.00542703 -0.00554224
401 -0.00512139 -0.00506426
402 -0.00472715 -0.00450378
403 -0.00434405 -0.0040052
404 -0.00385237 -0.00344997
405 -0.00332234 -0.00286309
406 -0.00267567 -0.00217778
407 -0.00207362 -0.001574
408 -0.00150729 -0.000991132
409 -0.000935785 -0.000438214
410 -0.000466482 4.91535e-05
411 -9.13019e-05 0.000517285
412 0.000249334 0.000907554
413 0.000745324 0.00145461
414 0.00125587 0.00202555
415 0.00174025 0.00260242
416 0.00213904 0.00303738
417 0.00269917 0.00364209
418 0.00303528 0.00399539
419 0.00329199 0.00422683
420 0.00356715 0.00443702
421 0.00362132 0.00445489
422 0.00376928 0.00463053
423 0.00401741 0.0048542
424 0.00420993 0.00501621
425 0.00440968 0.00523683
426 0.00458164 0.00540988
427 0.00462097 0.00546094
428 0.00458116 0.00542976
429 0.0043259 0.00517596
430 0.00396032 0.00482637
431 0.00363757 0.00456618
432 0.00338039 0.00433416
433 0.00327447 0.00421602
434 0.00304339 0.00401407
435 0.00275593 0.00379508
436 0.00262321 0.00372273
437 0.00258076 0.00372487
438 0.00250596 0.00369009
439 0.00228382 0.00361186
440 0.00205796 0.00351599
441 0.00180286 0.00336823
442 0.00153661 0.00324992
443 0.001287 0.0031346
444 0.00131307 0.00330033
445 0.00120896 0.00334258
446 0.00104843 0.00335732
447 0.000944482 0.00339361
448 0.000994287 0.0035375
449 0.00101049 0.00361294
450 0.00100579 0.00361165
451 0.00109086 0.00370119
452 0.0011948 0.00383406
453 0.00141315 0.00410892
454 0.00167544 0.00439622
455 0.00193276 0.00461532
456 0.00212475 0.00469755
457 0.00236235 0.00478316
458 0.00251911 0.00486193
459 0.00248222 0.00480281
460 0.00246922 0.00478346
461 0.00257568 0.00493451
462 0.00278875 0.00525616
463 0.00305163 0.00564611
464 0.00336462 0.00600141
465 0.00374354 0.00644334
466 0.00415843 0.00686479
467 0.00466471 0.00738034
468 0.00509944 0.00778093
469 0.00555051 0.00823609
470 0.00590816 0.00858188
471 0.00625252 0.00890256
472 0.00665341 0.00925091
473 0.00711522 0.009648
474 0.00752667 0.0100795
475 0.0079322 0.0105026
476 0.00843347 0.0110648
477 0.00881995 0.0114629
478 0.00908666 0.0117621
479 0.00936923 0.0121278
480 0.00975732 0.0125004
481 0.0100272 0.0127397
482 0.0104736 0.0131141
483 0.0108915 0.0134459
484 0.0114034 0.0138575
485 0.01193 0.0143351
486 0.012576 0.0149306
487 0.0132533 0.0155121
488 0.0139082 0.016121
489 0.0145245 0.0167267
490 0.015056 0.0172414
491 0.0155226 0.0177799
492 0.0160068 0.0183057
493 0.0164129 0.018747
494 0.0169246 0.0192147
495 0.0174291 0.0196586
496 0.017857 0.020041
497 0.0183215 0.0204295
498 0.0189343 0.0209532
499 0.0194443 0.0213886
500 0.01988 0.0217261
501 0.0201963 0.0220135
502 0.0204853 0.022267
503 0.0206794 0.022475
504 0.0208854 0.0227298
505 0.0212927 0.0232372
506 0.021634 0.0236701
507 0.0219794 0.0240738
508 0.0222847 0.0244009
509 0.0225421 0.0246461
510 0.0228384 0.0249363
511 0.0231442 0.0252326
512 0.023311 0.0253309
513 0.0234085 0.0253012
514 0.0236879 0.0254473
515 0.0237896 0.0254302
516 0.023825 0.0253941
517 0.0238296 0.0253122
518 0.0238237 0.0251815
519 0.0237518 0.0249692
520 0.0237601 0.024724
521 0.0236979 0.0245041
522 0.0234217 0.0240864
523 0.0230343 0.0235476
524 0.0226636 0.0230086
525 0.0222157 0.0224151
526 0.0217014 0.0218086
527 0.0211486 0.0211514
528 0.0206365 0.0205224
529 0.0199799 0.0197896
530 0.0191748 0.0189595
531 0.0183675 0.0181816
532 0.0175117 0.0174021
533 0.0164151 0.0164099
534 0.0154326 0.0154575
535 0.0144072 0.0144428
536 0.0133475 0.0134579
537 0.0122926 0.0124856
538 0.0112439 0.0114702
539 0.0101932 0.0105088
540 0.00915228 0.00955804
541 0.00808502 0.00857855
542 0.00693117 0.00749877
543 0.00577274 0.00642268
544 0.00474311 0.00544418
545 0.00386673 0.00460769
546 0.00299968 0.00374856
547 0.00202566 0.00276973
548 0.00110902 0.00178291
549 0.000418581 0.000977693
550 -0.00036197 5.35382e-05
551 -0.000988882 -0.000716016
552 -0.00160893 -0.001463
553 -0.00233342 -0.00230664
554 -0.00301471 -0.00309939
555 -0.00369959 -0.00381198
556 -0.00457389 -0.00469267
557 -0.00520587 -0.00537469
558 -0.00579963 -0.00611563
559 -0.00649928 -0.00689783
560 -0.00722197 -0.00771664
561 -0.00785988 -0.00841376
562 -0.00852631 -0.00916559
563 -0.00903591 -0.00978142
564 -0.00962419 -0.0104575
565 -0.0100737 -0.0110251
566 -0.0105122 -0.0115187
567 -0.0108407 -0.0119282
568 -0.0112384 -0.0123481
569 -0.0116684 -0.0127823
570 -0.0120333 -0.0131647
571 -0.0122141 -0.0133554
572 -0.0124097 -0.0136071
573 -0.0124702 -0.0137059
574 -0.0124292 -0.0137132
575 -0.0123544 -0.0137336
576 -0.0123368 -0.0138159
577 -0.0124445 -0.0139085
578 -0.0125197 -0.0139059
579 -0.0126258 -0.0139407
580 -0.0127709 -0.0140184
581 -0.0128411 -0.013973
582 -0.0129945 -0.014035
583 -0.013121 -0.0140876
584 -0.0132988 -0.0141647
585 -0.0135128 -0.0142537
586 -0.0135852 -0.0142186
587 -0.0134942 -0.0140364
588 -0.013374 -0.013852
589 -0.01326 -0.0136784
590 -0.013026 -0.0134126
591 -0.0127549 -0.0131272
592 -0.0124491 -0.0127893
593 -0.0121216 -0.0124277
594 -0.0117253 -0.0119899
595 -0.0112627 -0.0114783
596 -0.0108778 -0.0110292
597 -0.0104025 -0.0105285
598 -0.00975677 -0.00994444
599 -0.00908946 -0.00939665
600 -0.0083753 -0.00879084
601 -0.00769883 -0.00827778
602 -0.00719937 -0.00791723
603 -0.00672424 -0.00756959
604 -0.00630301 -0.00725542
605 -0.00607893 -0.0070626
606 -0.00585934 -0.0068391
607 -0.00554469 -0.00653188
608 -0.00532696 -0.00634787
609 -0.00511901 -0.00616981
610 -0.00500342 -0.00607478
611 -0.00499229 -0.00608972
612 -0.00503492 -0.00612833
613 -0.00529843 -0.00639133
614 -0.00547474 -0.00653846
615 -0.00565163 -0.00668182
616 -0.00589102 -0.00693854
617 -0.00611062 -0.00713907
618 -0.00626129 -0.00725231
619 -0.00631205 -0.0072599
620 -0.00628968 -0.00723424
621 -0.00630339 -0.00723365
622 -0.00627992 -0.00719998
623 -0.00642905 -0.00727984
624 -0.00662135 -0.0073732
625 -0.00666916 -0.00730452
626 -0.00664588 -0.00725084
627 -0.00678587 -0.00736166
628 -0.0069161 -0.00746193
629 -0.0069524 -0.00747974
630 -0.00707749 -0.00758942
631 -0.00728146 -0.00773979
632 -0.00740258 -0.00784051
633 -0.00753907 -0.00791063
634 -0.00762078 -0.00798
635 -0.00779012 -0.00815092
636 -0.00792253 -0.00831842
637 -0.00809336 -0.0085124
638 -0.00821093 -0.00870412
639 -0.00826137 -0.00885557
640 -0.00833441 -0.00897423
641 -0.00845355 -0.0091467
642 -0.00866432 -0.0094453
643 -0.00895875 -0.00977055
644 -0.00927425 -0.010048
645 -0.00948473 -0.0102037
646 -0.00975365 -0.0103899
647 -0.00998151 -0.0105594
648 -0.0101535 -0.0106027
649 -0.010306 -0.0106078
650 -0.0104332 -0.0105666
651 -0.0104534 -0.010408
652 -0.0105652 -0.010318
653 -0.0106304 -0.0102329
654 -0.0105427 -0.010062
655 -0.010478 -0.00982877
656 -0.0103984 -0.00955379
657 -0.0104242 -0.00939431
658 -0.0104639 -0.00916024
659 -0.0105896 -0.0090142
660 -0.0106317 -0.00885048
661 -0.0104906 -0.00854824
662 -0.0104266 -0.00830598
663 -0.0102097 -0.0078983
664 -0.0100402 -0.00755334
665 -0.00984729 -0.00724265
666 -0.00963768 -0.00696189
667 -0.00934127 -0.00662957
668 -0.00904098 -0.00628164
669 -0.00864556 -0.00583817
670 -0.00835429 -0.0054797
671 -0.00806817 -0.00512088
672 -0.00768331 -0.00470621
673 -0.00730452 -0.0043068
674 -0.00707314 -0.00401245
675 -0.00686028 -0.00372146
676 -0.00655034 -0.00335127
677 -0.00603981 -0.00281614
678 -0.00541777 -0.00218114
679 -0.00491954 -0.0016732
680 -0.00438858 -0.00118343
681 -0.00384467 -0.000675524
682 -0.00330226 -0.000194862
683 -0.00284017 0.000214358
684 -0.00240236 0.000584129
685 -0.00185234 0.00110628
686 -0.00130522 0.00161175
687 -0.000768602 0.00220056
688 -0.000162256 0.00283161
689 0.000533739 0.00346822
690 0.00104701 0.00393531
691 0.00143835 0.00433623
692 0.0018535 0.00477251
693 0.00231627 0.00524407
694 0.00267454 0.00554747
695 0.00300687 0.00581456
696 0.00342985 0.00611934
697 0.0037918 0.00641139
698 0.00407556 0.00660087
699 0.00441022 0.00679199
700 0.00474151 0.0070292
701 0.00510125 0.00728048
702 0.00546157 0.00752684
703 0.00582591 0.00779494
704 0.00607933 0.00798466
705 0.00632158 0.00818533
706 0.00648549 0.00826012
707 0.00667225 0.00839278
708 0.00691013 0.00855681
709 0.0071366 0.00873325
710 0.00724865 0.00878036
711 0.00714357 0.00859179
712 0.00716407 0.00847524
713 0.00715302 0.00832433
714 0.0071642 0.00812993
715 0.00735408 0.00810963
716 0.00740233 0.008019
717 0.00763621 0.00809205
718 0.0078293 0.00817874
719 0.00799101 0.00827453
720 0.0082112 0.00838636
721 0.00838413 0.00852145
722 0.00875639 0.00882005
723 0.00906093 0.00905151
724 0.00939502 0.00926304
725 0.00968148 0.00948283
726 0.00977863 0.00960446
727 0.0097891 0.00962923
728 0.0097781 0.00957627
729 0.00985068 0.00956004
730 0.00987377 0.00954891
731 0.00991389 0.00951581
732 0.00985129 0.00945545
733 0.00982501 0.00939959
734 0.00979709 0.00935282
735 0.00986202 0.00936389
736 0.00997322 0.0094214
737 0.010061 0.00946217
738 0.010149 0.0094926
739 0.0102754 0.00958004
740 0.0103615 0.00958666
741 0.0104182 0.00953061
742 0.0102201 0.00925218
743 0.00997812 0.00893856
744 0.0096971 0.00865718
745 0.0093895 0.00835838
746 0.00915105 0.00806965
747 0.00897875 0.00782363
748 0.00893539 0.00774149
749 0.00880066 0.00757799
750 0.00848754 0.00732524
751 0.00810752 0.00700955
752 0.00782325 0.00682549
753 0.00754586 0.00666637
754 0.00736613 0.00668987
755 0.00727844 0.00679355
756 0.00714831 0.00683246
757 0.00700837 0.00678168
758 0.00689522 0.00672808
759 0.0067283 0.00664739
760 0.0067079 0.00666916
761 0.00663909 0.00662216
762 0.0065602 0.00650178
763 0.00645841 0.00638614
764 0.00656501 0.00639605
765 0.0065676 0.00627379
766 0.00662387 0.00618444
767 0.00658511 0.0061126
768 0.00654057 0.00605113
769 0.00651405 0.00603175
770 0.00632417 0.00588918
771 0.00629945 0.00584319
772 0.0062065 0.0057677
773 0.00609074 0.00577978
774 0.00599326 0.00582364
775 0.00586628 0.00585847
776 0.00569578 0.0057861
777 0.00580304 0.00594479
778 0.00606668 0.00620013
779 0.00640189 0.00646982
780 0.00674103 0.00671824
781 0.00692858 0.00683496
782 0.00705722 0.00695449
783 0.00720337 0.00706024
784 0.0072669 0.00710779
785 0.0071902 0.00704194
786 0.0071643 0.00698705
787 0.00727273 0.00707225
788 0.00748481 0.00726333
789 0.00763003 0.00745077
790 0.00764484 0.00752227
791 0.00754055 0.00744581
792 0.00758063 0.00751483
793 0.00775073 0.00762673
794 0.00781197 0.00769557
795 0.00786873 0.00778196
796 0.00793514 0.00784983
797 0.00799576 0.00791549
798 0.00785944 0.00783926
799 0.00763819 0.00764092
800 0.00734159 0.00734129
801 0.00698033 0.00706857
802 0.00663143 0.00680412
803 0.00615277 0.00642611
804 0.0056968 0.00607286
805 0.0054231 0.00588465
806 0.00514969 0.00572328
807 0.00479249 0.0054682
808 0.00440772 0.00519615
809 0.00394038 0.00488123
810 0.00361888 0.00461407
811 0.00338363 0.00448563
812 0.00298026 0.00420875
813 0.00266648 0.00394725
814 0.00243736 0.00373675
815 0.00200038 0.00337836
816 0.00163987 0.00308261
817 0.00134156 0.00278407
818 0.000963897 0.00245646
819 0.000480908 0.00211703
820 5.33903e-05 0.00187266
821 -0.0005058 0.00150774
822 -0.00113851 0.00103428
823 -0.00172406 0.000600927
824 -0.00205424 0.000296203
825 -0.00262938 -0.00020105
826 -0.00314881 -0.000717024
827 -0.00354618 -0.00113788
828 -0.00394245 -0.00154538
829 -0.00441124 -0.00197517
830 -0.00483377 -0.00237558
831 -0.00527315 -0.00274885
832 -0.00561263 -0.00292978
833 -0.00591565 -0.00306097
834 -0.00623705 -0.00318053
835 -0.0065635 -0.00331361
836 -0.00677264 -0.00332521
837 -0.00711025 -0.00350063
838 -0.00723932 -0.00358122
839 -0.00731495 -0.00358294
840 -0.00733317 -0.00357345
841 -0.00721778 -0.00352041
842 -0.00710391 -0.00351322
843 -0.00706432 -0.00355858
844 -0.00713714 -0.00377339
845 -0.00720251 -0.00398838
846 -0.0072536 -0.00417634
847 -0.0074068 -0.00444762
848 -0.00753477 -0.00468418
849 -0.00766982 -0.00489472
850 -0.00788681 -0.00515431
851 -0.00810952 -0.005352
852 -0.00823203 -0.0055022
853 -0.00821801 -0.00550353
854 -0.00819071 -0.00549011
855 -0.00809261 -0.00548712
856 -0.0079087 -0.0054478
857 -0.00781528 -0.00547762
858 -0.00781303 -0.00554879
859 -0.00776526 -0.00556051
860 -0.00780847 -0.00562255
861 -0.00793229 -0.00575321
862 -0.00807705 -0.005912
863 -0.00813565 -0.00595877
864 -0.00803997 -0.00589947
865 -0.00775156 -0.00562556
866 -0.00761651 -0.00546339
867 -0.00743238 -0.00524134
868 -0.00726049 -0.00497188
869 -0.00703121 -0.00465327
870 -0.0067707 -0.00437326
871 -0.00643818 -0.00404202
872 -0.00615351 -0.00375981
873 -0.00591209 -0.00355051
874 -0.00563106 -0.00332085
875 -0.00540917 -0.00313373
876 -0.00514755 -0.00291625
877 -0.00486998 -0.00267996
878 -0.00449331 -0.00229546
879 -0.00421733 -0.00198842
880 -0.00415506 -0.00191981
881 -0.00415124 -0.0018931
882 -0.00420341 -0.00185709
883 -0.00431098 -0.00188694
884 -0.00444218 -0.00199901
885 -0.00444812 -0.00202868
886 -0.00433377 -0.00198304
887 -0.00417205 -0.00184284
888 -0.0040565 -0.00170121
889 -0.00384296 -0.00147902
890 -0.00343529 -0.00109805
891 -0.0031716 -0.000830349
892 -0.003095 -0.000722584
893 -0.00300083 -0.000534202
894 -0.00289194 -0.000290405
895 -0.00280191 -3.35906e-05
896 -0.00262554 0.000303757
897 -0.00260665 0.000435114
898 -0.00262326 0.00056134
899 -0.00250364 0.000835706
900 -0.00233686 0.00107286
901 -0.00204477 0.00138856
902 -0.00163796 0.00177554
903 -0.00124212 0.00211555
904 -0.000891735 0.00245398
905 -0.000577365 0.00276009
906 -0.000337738 0.00300914
907 -9.43487e-05 0.0032771
908 5.23939e-05 0.00344781
909 0.000305594 0.00371072
910 0.000486072 0.0039697
911 0.000733366 0.00435838
912 0.00106516 0.00477054
913 0.00132043 0.00510613
914 0.00150005 0.00539768
915 0.00173587 0.00561981
916 0.00195412 0.00588858
917 0.00204922 0.0060451
918 0.00222059 0.0062806
919 0.00239299 0.0064849
920 0.00266441 0.00681739
921 0.00274919 0.00705244
922 0.00294275 0.00739628
923 0.00317102 0.00771755
924 0.003304 0.0079487
925 0.0034421 0.00815681
926 0.00373913 0.00848437
927 0.00412111 0.0088061
928 0.00434376 0.00898638
929 0.00456446 0.00917625
930 0.00473832 0.0093662
931 0.00492888 0.00961
932 0.00494503 0.00972048
933 0.00511014 0.00999739
934 0.00542358 0.0103923
935 0.00589471 0.0108834
936 0.00644712 0.0114472
937 0.00703018 0.0120068
938 0.00755965 0.012543
939 0.00811189 0.0131006
940 0.00855314 0.0135313
941 0.00910739 0.0140322
942 0.00968426 0.0145243
943 0.0103221 0.0150831
944 0.010927 0.0155625
945 0.0114391 0.0159458
946 0.011755 0.0162156
947 0.0120576 0.0164687
948 0.0123533 0.0167429
949 0.0124872 0.0168269
950 0.0125804 0.0169156
951 0.012661 0.0169412
952 0.0125825 0.0168296
953 0.0123404 0.0166007
954 0.0122907 0.0165111
955 0.012314 0.0165091
956 0.012475 0.0166218
957 0.0125713 0.0166333
958 0.0127594 0.0167215
959 0.0130718 0.0168748
960 0.0133369 0.0170706
961 0.0135221 0.0172264
962 0.0138333 0.0174867
963 0.0142107 0.0178166
964 0.0147645 0.0182163
965 0.0151749 0.0185503
966 0.0155668 0.0189075
967 0.016047 0.0192951
968 0.0167409 0.0198521
969 0.0174635 0.0203922
970 0.0181345 0.0209864
971 0.0187344 0.021456
972 0.01957 0.0221126
973 0.0202681 0.0225786
974 0.0208179 0.022866
975 0.0212153 0.023015
976 0.0215562 0.0231737
977 0.0219044 0.0233504
978 0.0222835 0.0235928
979 0.0226129 0.0237811
980 0.0229929 0.0240513
981 0.0233604 0.0243531
982 0.0237981 0.0247376
983 0.0243796 0.0252149
984 0.0250357 0.0257485
985 0.0257309 0.0263336
986 0.026459 0.026962
987 0.0272117 0.0276242
988 0.0279587 0.0282424
989 0.0284854 0.0286479
990 0.0288149 0.0289864
991 0.0291487 0.0292976
992 0.0294838 0.0296385
993 0.0299577 0.0300853
994 0.0304797 0.030621
995 0.0310882 0.0311899
996 0.031674 0.031764
997 0.032207 0.0322141
998 0.0325727 0.0325375
999 0.0329028 0.0328357
